4 0.1104870557261957 0.6189416670904745 0.045474490406478114 0.1156995372018512
3 0.15636044517132713 0.6189416670904745 0.039889903865331686 0.113156690230382
1 0.19944154134588535 0.6233916492905457 0.03510311540149186 0.10679957280170883
1 0.239331445211217 0.6202130905762091 0.04308109617455815 0.11061384325891271
7 0.3219035462124536 0.6183059553476071 0.0454744904064781 0.09917103188730106
8 0.3669791375802784 0.6189416670904745 0.035103115401491886 0.10044245537303566
0 0.40846463760022333 0.6214845140619437 0.03669871155610512 0.10552814931597407
1 0.4507000678128367 0.620136805167065 0.0430810961745582 0.11061384325891271
1 0.5384578563165664 0.6226796521385343 0.0430810961745582 0.11061384325891271
3 0.6206310582791494 0.6277653460814728 0.03988990386533164 0.113156690230382
7 0.8380549682875263 0.6195392361287698 0.04063983405799984 0.09655189950668776
8 0.879117635326499 0.6175939581955958 0.035103115401491934 0.10044245537303566
4 0.6653556184929594 0.6227559375476783 0.0430810961745582 0.11061384325891271
5 0.7519167098807292 0.6202130905762091 0.04547449040647815 0.10044245537303566
6 0.7973912002872072 0.6259344962620149 0.04068770194263825 0.10425672583023955
1 0.46670389724360767 0.7804124497787722 0.0191471538553592 0.0648425977724661
2 0.4950257289879931 0.7842267202359763 0.03111412501495875 0.0673854447439353
2 0.5811879213371096 0.6233916492905457 0.03430531732418531 0.11951380765905516
1 0.5544616857473373 0.7823195850073742 0.023933942319199 0.06357117428673136
8 0.5799912242211496 0.7835910084931088 0.025529538473812237 0.06102832731526214
