5 0.09897066717186069 0.5683804568585836 0.039468283287550116 0.08785741995846745
3 0.1404123646237883 0.5689509595855867 0.03867891762179912 0.08671641450446131
7 0.18303811057434244 0.5706624677665959 0.04183638028480313 0.08557540905045517
0 0.22211171102901706 0.5683804568585837 0.03631082062454612 0.09242144177449169
0 0.30341637460137033 0.5752264895826201 0.03157462663004008 0.09242144177449169
4 0.3420952922231694 0.572373975947605 0.03788955195604811 0.09584445813650988
0 0.3847210381737236 0.572944478674608 0.03788955195604811 0.0901394308664795
4 0.4257680527927757 0.5718034732206019 0.03631082062454615 0.0832933981424431
2 0.5062833506993779 0.5775085004906324 0.041047014619052156 0.0901394308664795
6 0.550487827981434 0.5735149814016111 0.04262574595055411 0.08671641450446131
1 0.5899561112689842 0.5775085004906324 0.03631082062454615 0.09926747449852809
5 0.6341605885510403 0.5746559868556171 0.04578320861355816 0.08899842541247348
0 0.7142812036247671 0.5815020195796536 0.04183638028480313 0.09356244722849771
9 0.7573016324081968 0.5803610141256474 0.04104701461905209 0.09356244722849782
4 0.7916390388683653 0.5803610141256474 0.038678917621799085 0.09584445813650988
9 0.8386062959805499 0.5849250359416718 0.04104701461905223 0.09812646904452206
0 0.39735088882573966 0.7138586522443576 0.025259701304032045 0.05476826179229135
5 0.4281361497900287 0.7138586522443576 0.0284171639670361 0.05933228360831569
2 0.48694389188847836 0.7161406631523699 0.022891604306779046 0.05248625088427928
1 0.512598276025386 0.7172816686063758 0.026838432635534072 0.06161429451632775
