5 77.39506172839506 307.49382716049377 30.86419753086419 47.53086419753089
3 109.80246913580245 307.8024691358024 30.24691358024691 46.91358024691357
7 143.1358024691358 308.7283950617284 32.71604938271605 46.29629629629625
0 173.69135802469134 307.4938271604938 28.395061728395063 50.0
0 237.2716049382716 311.19753086419746 24.69135802469134 50.0
4 267.5185185185185 309.6543209876543 29.629629629629623 51.85185185185185
0 300.85185185185185 309.96296296296293 29.629629629629623 48.765432098765416
4 332.9506172839506 309.3456790123456 28.395061728395092 45.06172839506172
2 395.9135802469135 312.43209876543216 32.09876543209879 48.765432098765416
6 430.4814814814814 310.2716049382716 33.333333333333314 46.91358024691357
1 461.3456790123456 312.43209876543216 28.395061728395092 53.703703703703695
5 495.9135802469135 310.88888888888886 35.80246913580248 48.14814814814815
0 558.5679012345679 314.5925925925926 32.71604938271605 50.617283950617264
9 592.2098765432099 313.9753086419753 32.09876543209873 50.61728395061732
4 619.0617283950617 313.9753086419753 30.246913580246883 51.85185185185185
9 655.7901234567901 316.44444444444446 32.098765432098844 53.08641975308643
0 310.7283950617284 386.19753086419746 19.75308641975306 29.62962962962962
5 334.8024691358024 386.19753086419746 22.22222222222223 32.09876543209879
2 380.79012345679007 387.4320987654321 17.901234567901213 28.395061728395092
1 400.85185185185185 388.0493827160493 20.987654320987644 33.333333333333314
