5 0.054817084796284304 0.7580799742322581 0.08212186901439764 0.16246835886088246
3 0.08376015606748442 0.7597292649254797 0.11051884460123548 0.20308541096619934
7 0.11215713165432227 0.7630278463119223 0.1411002029255224 0.24488651157014274
0 0.1411002029255224 0.7547813928458156 0.16622060440618666 0.28890798410448143
0 0.19898634546792263 0.7646771370051436 0.2208301728424133 0.37021264767683476
4 0.22356065126422464 0.7580799742322583 0.24977324411361343 0.41136550133846583
0 0.25304981821978706 0.7630278463119221 0.2792624110691758 0.44986802055596664
4 0.2819928894909871 0.7663264276983649 0.3071132909716514 0.48596716309535465
2 0.33605636224285146 0.7696250090848078 0.36445333782968936 0.571430333081621
6 0.3660916248827762 0.766326427698365 0.3955807918383385 0.613160874323845
1 0.3955807918383386 0.7630278463119224 0.42070119331900285 0.6617002564241127
5 0.4228855760564518 0.766326427698365 0.45455912574946333 0.6984829255866727
0 0.4796795272301276 0.7729235904712506 0.5086225985013277 0.7819021220468421
9 0.5097147898700523 0.771274299778029 0.5381117654568902 0.824922550830272
4 0.5342890956663542 0.7696250090848076 0.5610477842001053 0.8609092479836616
9 0.5659626453593656 0.7745728811644716 0.5943596209462035 0.9095257957890677
0 0.26615611464448147 0.9922792526696891 0.28363117654407394 0.43693386546305185
5 0.2863616549658852 0.9889806712832462 0.30602109960292684 0.4710177078137836
2 0.32895711834614205 0.9972271247493533 0.3447938931926477 0.5248775778325693
1 0.34533998887701 0.9922792526696889 0.3639072421453271 0.5571291247423622
