4 261.3018867924528 918.5094339622641 107.54716981132074 171.69811320754718
3 369.79245283018867 918.5094339622641 94.33962264150944 167.92452830188688
1 471.6792452830189 925.1132075471698 83.01886792452824 158.4905660377359
1 566.0188679245282 920.3962264150944 101.88679245283004 164.15094339622647
7 761.3018867924527 917.566037735849 107.54716981132071 147.16981132075477
8 867.9056603773583 918.5094339622641 83.01886792452831 149.05660377358492
0 966.0188679245282 922.2830188679245 86.79245283018861 156.60377358490553
1 1065.9056603773588 920.2830188679245 101.88679245283015 164.15094339622647
1 1273.4528301886796 924.0566037735848 101.88679245283015 164.15094339622647
3 1467.7924528301885 931.6037735849056 94.33962264150932 167.92452830188688
7 1981.9999999999998 919.3962264150944 96.11320754716962 143.28301886792462
8 2079.11320754717 916.5094339622642 83.01886792452842 149.05660377358492
4 1573.566037735849 924.1698113207547 101.88679245283015 164.15094339622647
5 1778.2830188679245 920.3962264150944 107.54716981132083 149.05660377358492
6 1885.830188679245 928.8867924528302 96.22641509433947 154.7169811320755
1 1103.754716981132 1158.132075471698 45.28301886792451 96.2264150943397
2 1170.7358490566037 1163.7924528301887 73.58490566037744 99.99999999999999
2 1374.5094339622642 925.1132075471698 81.13207547169826 177.35849056603786
1 1311.3018867924527 1160.9622641509434 56.60377358490564 94.33962264150934
8 1371.6792452830186 1162.8490566037735 60.37735849056594 90.56603773584902
