4 0.1398438691959518 0.3520762694961904 0.2123150078828256 0.14678686824364753
3 0.21740070182576413 0.35287406757349704 0.2809718761124956 0.19186245961147233
1 0.289871840512638 0.35766085603733694 0.3458144738849616 0.23294906059276393
1 0.3470858973706963 0.3544696637281104 0.41574276560036605 0.27403566157405557
7 0.47677109291562836 0.35686305796003026 0.5492422316025021 0.3530176712274123
8 0.5568707725169099 0.35686305796003026 0.6128134058892336 0.39849216163389034
0 0.6217133702893759 0.3568630579600303 0.6801988506331689 0.4415732578084486
1 0.683936835681229 0.354421795843472 0.752593703910899 0.48540428417567527
1 0.8237934191120382 0.3560173919980852 0.892450287341708 0.573162072679405
3 0.9572928851141738 0.35841078623000516 1.020864059400905 0.6561330727192947
7 1.3031963586431368 0.35845865411464356 1.3679626710064587 0.8683473612828593
8 1.3730483649493976 0.3560173919980853 1.4289909983217213 0.910630659380111
4 1.0260260387529878 0.35606525988272364 1.0946829069826578 0.7000598348557979
5 1.1620683517265933 0.35766085603733694 1.234539490413467 0.7834297339343411
6 1.238353760870671 0.3600542502692568 1.3031963586431368 0.8301009214567792
1 0.7285129430910848 0.4693525868602656 0.7590271067487159 0.4870477482149268
2 0.7641128006916543 0.4709481830148789 0.8136983166353049 0.5161673780366188
2 0.8988836901795251 0.3536718656508038 0.9535549000661141 0.6186844309705214
1 0.8645552560646901 0.4709481830148789 0.9026979606367288 0.5744066376800031
8 0.9039693841224635 0.47254377916949214 0.9446549356659714 0.5991383780765087
